506,9
506,8
506,7
506,6
506,5
506,4
506,3
506,2
506,1
506,0
0,278
505,9
505,8
505,7
505,6
505,5
505,4
505,3
505,2
0,318
0,317
505,1
505,0
504,36
504,35
10,210
10,134
10,176
10,4
10,18
10,90
10,246
10,224
499,5
499,4
499,3
499,2
499,1
11,21
499,0
494,9
494,8
494,7
494,6
494,5
494,4
494,3
494,2
9,6
494,1
9,4
494,0
490,5
488,2
488,0
474,3
474,1
472,3
8,15
472,1
8,11
471,3
8,6
471,1
8,16
470,3
8,4
470,1
458,3
458,1
457,3
457,1
453,3
453,2
453,1
452,4
452,3
452,1
450,3
450,1
446,3
446,1
445,3
442,3
442,1
441,2
14,2
14,0
12,3
12,2
12,1
11,28
11,27
11,26
11,25
11,24
11,23
11,22
11,20
11,19
20,2
11,18
11,17
20,1
11,16
20,3
11,15
11,14
11,12
11,11
11,10
11,8
11,7
11,6
11,5
11,4
19,2
11,3
19,1
11,2
19,3
11,1
10,303
10,302
10,291
10,289
10,281
10,277
10,275
10,271
